  0.00000000    0.1492798043E-08    0.0000000000E+00    0.0000000000E+00    0.1863574092E-08
  0.09448819    0.1495808684E-08    0.2486631060E-09   -0.1016707195E-09    0.1866528817E-08
  0.18897638    0.1504885311E-08    0.4984666279E-09   -0.2032995024E-09    0.1875431113E-08
  0.28346457    0.1520163535E-08    0.7505711648E-09   -0.3048382167E-09    0.1890396501E-08
  0.37795276    0.1541874461E-08    0.1006178486E-08   -0.4062259587E-09    0.1911621464E-08
  0.47244094    0.1570352650E-08    0.1266554185E-08   -0.5073816795E-09    0.1939389608E-08
  0.56692913    0.1606047956E-08    0.1533052976E-08   -0.6081955296E-09    0.1974080787E-08
  0.66141732    0.1649542007E-08    0.1807147823E-08   -0.7085183160E-09    0.2016183746E-08
  0.75590551    0.1701570460E-08    0.2090464381E-08   -0.8081482853E-09    0.2066313098E-08
  0.85039370    0.1763052635E-08    0.2384822668E-08   -0.9068141782E-09    0.2125231763E-08
  0.94488189    0.1835130800E-08    0.2692288533E-08   -0.1004153094E-08    0.2193880496E-08
  1.03937008    0.1919222349E-08    0.3015238425E-08   -0.1099681118E-08    0.2273416752E-08
  1.13385827    0.2017089525E-08    0.3356442317E-08   -0.1192753757E-08    0.2365266147E-08
  1.22834646    0.2130933467E-08    0.3719171705E-08   -0.1282511873E-08    0.2471191156E-08
  1.32283465    0.2263522587E-08    0.4107342708E-08   -0.1367806685E-08    0.2593383893E-08
  1.41732283    0.2418370417E-08    0.4525709099E-08   -0.1447094040E-08    0.2734593156E-08
  1.51181102    0.2599986193E-08    0.4980127749E-08   -0.1518282713E-08    0.2898301301E-08
  1.60629921    0.2814234993E-08    0.5477931433E-08   -0.1578512402E-08    0.3088975207E-08
  1.70078740    0.3068867267E-08    0.6028464858E-08   -0.1623821487E-08    0.3312430387E-08
  1.79527559    0.3374318200E-08    0.6643876237E-08   -0.1648636837E-08    0.3576372955E-08
  1.88976378    0.3744952062E-08    0.7340322716E-08   -0.1644966600E-08    0.3891230919E-08
  1.98425197    0.4201070464E-08    0.8139873185E-08   -0.1601077271E-08    0.4271475088E-08
  2.07874016    0.4772296267E-08    0.9073643180E-08   -0.1499232330E-08    0.4737808562E-08
  2.17322835    0.5503581816E-08    0.1018723461E-07   -0.1311623322E-08    0.5320987239E-08
  2.26771654    0.6466593599E-08    0.1155080297E-07   -0.9925654906E-09    0.6068926485E-08
  2.36220472    0.7783156818E-08    0.1327929045E-07   -0.4622488455E-09    0.7061049197E-08
  2.45669291    0.9679199629E-08    0.1557781702E-07    0.4310125861E-09    0.8440601021E-08
  2.55118110    0.1262994469E-07    0.1886063904E-07    0.2013226884E-08    0.1049960955E-07
  2.64566929    0.1785850666E-07    0.2414810078E-07    0.5138853695E-08    0.1396301127E-07
  2.74015748    0.3004228193E-07    0.3515155716E-07    0.1312173000E-07    0.2148218350E-07
  2.83464567    0.1846751535E-06    0.1507680758E-06    0.1226604350E-06    0.1037009023E-06
  2.92913386    0.2594830806E-06    0.2109295572E-06    0.1842423902E-06    0.1531807742E-06
  3.02362205    0.1979792401E-06    0.1686283694E-06    0.1447002726E-06    0.1269530262E-06
  3.11811024    0.1605243432E-06    0.1418578508E-06    0.1207208424E-06    0.1106683855E-06
  3.21259843    0.1345403492E-06    0.1225737594E-06    0.1041009034E-06    0.9910560316E-07
  3.30708661    0.1152033727E-06    0.1076952844E-06    0.9172721828E-07    0.9029271414E-07
  3.40157480    0.1001492133E-06    0.9570589813E-07    0.8208156204E-07    0.8326639489E-07
  3.49606299    0.8805135515E-07    0.8574897800E-07    0.7431440797E-07    0.7748515694E-07
  3.59055118    0.7809665001E-07    0.7729526231E-07    0.6790590445E-07    0.7261564898E-07
  3.68503937    0.6975404193E-07    0.6999611649E-07    0.6251698463E-07    0.6843895070E-07
  3.77952756    0.6265966051E-07    0.6361048562E-07    0.5791558767E-07    0.6480412040E-07
  3.87401575    0.5655459200E-07    0.5796521885E-07    0.5393676901E-07    0.6160303930E-07
  3.96850394    0.5124888275E-07    0.5293203718E-07    0.5045965026E-07    0.5875584047E-07
  4.06299213    0.4659959773E-07    0.4841343833E-07    0.4739337925E-07    0.5620200710E-07
  4.15748031    0.4249686211E-07    0.4433369076E-07    0.4466820313E-07    0.5389469350E-07
  4.25196850    0.3885465883E-07    0.4063286859E-07    0.4222958593E-07    0.5179696914E-07
  4.34645669    0.3560457527E-07    0.3726277779E-07    0.4003421335E-07    0.4987925762E-07
  4.44094488    0.3269144151E-07    0.3418409943E-07    0.3804720776E-07    0.4811754410E-07
  4.53543307    0.3007021824E-07    0.3136433960E-07    0.3624014249E-07    0.4649209183E-07
  4.62992126    0.2770373132E-07    0.2877632779E-07    0.3458959780E-07    0.4498650450E-07
  4.72440945    0.2556099316E-07    0.2639709671E-07    0.3307609208E-07    0.4358702937E-07
  4.81889764    0.2361593894E-07    0.2420703291E-07    0.3168327818E-07    0.4228203066E-07
  4.91338583    0.2184646179E-07    0.2218922345E-07    0.3039733122E-07    0.4106158677E-07
  5.00787402    0.2023366582E-07    0.2032894587E-07    0.2920647471E-07    0.3991717640E-07
  5.10236220    0.1876128292E-07    0.1861326788E-07    0.2810061235E-07    0.3884143533E-07
  5.19685039    0.1741520969E-07    0.1703072510E-07    0.2707103554E-07    0.3782795860E-07
  5.29133858    0.1618313887E-07    0.1557106667E-07    0.2611018904E-07    0.3687114515E-07
  5.38582677    0.1505426598E-07    0.1422505083E-07    0.2521149075E-07    0.3596608014E-07
  5.48031496    0.1401904382E-07    0.1298426797E-07    0.2436917375E-07    0.3510841665E-07
  5.57480315    0.1306898716E-07    0.1184101265E-07    0.2357815677E-07    0.3429429270E-07
  5.66929134    0.1219652225E-07    0.1078818711E-07    0.2283395972E-07    0.3352029225E-07
  5.76377953    0.1139484946E-07    0.9819194570E-08    0.2213261936E-07    0.3278336701E-07
  5.85826772    0.1065782354E-07    0.8927858059E-08    0.2147059234E-07    0.3208074390E-07
  5.95275591    0.9979875285E-08    0.8108398685E-08    0.2084469958E-07    0.3140991847E-07
  6.04724409    0.9355954744E-08    0.7355415614E-08    0.2025211193E-07    0.3076868586E-07
  6.14173228    0.8781462520E-08    0.6663821935E-08    0.1969031379E-07    0.3015508598E-07
  6.23622047    0.8252179323E-08    0.6028787279E-08    0.1915702810E-07    0.2956728646E-07
  6.33070866    0.7764226330E-08    0.5445745952E-08    0.1865016174E-07    0.2900354361E-07
  6.42519685    0.7314052320E-08    0.4910435939E-08    0.1816780402E-07    0.2846226728E-07
  6.51968504    0.6898418475E-08    0.4418905713E-08    0.1770824537E-07    0.2794208862E-07
  6.61417323    0.6514364903E-08    0.3967471822E-08    0.1726996818E-07    0.2744183095E-07
  6.70866142    0.6159170454E-08    0.3552672215E-08    0.1685159563E-07    0.2696039580E-07
  6.80314961    0.5830329161E-08    0.3171261965E-08    0.1645184314E-07    0.2649668778E-07
  6.89763780    0.5525542513E-08    0.2820234736E-08    0.1606950308E-07    0.2604962351E-07
  6.99212598    0.5242714886E-08    0.2496842092E-08    0.1570345308E-07    0.2561818800E-07
  7.08661417    0.4979946267E-08    0.2198598539E-08    0.1535267459E-07    0.2520150178E-07
  7.18110236    0.4735517025E-08    0.1923258856E-08    0.1501626026E-07    0.2479883461E-07
  7.27559055    0.4507865554E-08    0.1668779010E-08    0.1469339188E-07    0.2440954266E-07
  7.37007874    0.4295569517E-08    0.1433289629E-08    0.1438331096E-07    0.2403300594E-07
  7.46456693    0.4097333373E-08    0.1215082980E-08    0.1408530260E-07    0.2366860411E-07
  7.55905512    0.3911978481E-08    0.1012604305E-08    0.1379868958E-07    0.2331571392E-07
  7.65354331    0.3738434625E-08    0.8244472831E-09    0.1352283114E-07    0.2297371977E-07
  7.74803150    0.3575734130E-08    0.6493554559E-09    0.1325712832E-07    0.2264204587E-07
  7.84251969    0.3423006163E-08    0.4862171868E-09    0.1300103369E-07    0.2232019077E-07
  7.93700787    0.3279466388E-08    0.3340441780E-09    0.1275405040E-07    0.2200772189E-07
  8.03149606    0.3144405060E-08    0.1919483608E-09    0.1251572160E-07    0.2170424841E-07
  8.12598425    0.3017177499E-08    0.5912620939E-10    0.1228562130E-07    0.2140940325E-07
  8.22047244    0.2897196773E-08   -0.6515194907E-10    0.1206334909E-07    0.2112283468E-07
  8.31496063    0.2783927699E-08   -0.1815502517E-09    0.1184852712E-07    0.2084420167E-07
  8.40944882    0.2676881661E-08   -0.2906741031E-09    0.1164079766E-07    0.2057316944E-07
  8.50393701    0.2575612308E-08   -0.3930745358E-09    0.1143982088E-07    0.2030940633E-07
  8.59842520    0.2479712646E-08   -0.4892489831E-09    0.1124527489E-07    0.2005259151E-07
  8.69291339    0.2388812455E-08   -0.5796436870E-09    0.1105685877E-07    0.1980242930E-07
  8.78740157    0.2302574367E-08   -0.6646612122E-09    0.1087429302E-07    0.1955865110E-07
  8.88188976    0.2220689726E-08   -0.7446679018E-09    0.1069731694E-07    0.1932100933E-07
  8.97637795    0.2142875201E-08   -0.8199990757E-09    0.1052568601E-07    0.1908927243E-07
  9.07086614    0.2068870076E-08   -0.8909627307E-09    0.1035916995E-07    0.1886322192E-07
  9.16535433    0.1998434005E-08   -0.9578424264E-09    0.1019755132E-07    0.1864265061E-07
  9.25984252    0.1931345094E-08   -0.1020899688E-08    0.1004062444E-07    0.1842736128E-07
  9.35433071    0.1867398223E-08   -0.1080376109E-08    0.9888194454E-08    0.1821716560E-07
  9.44881890    0.1806403547E-08   -0.1136495256E-08    0.9740076555E-08    0.1801188244E-07
  9.54330709    0.1748185173E-08   -0.1189464292E-08    0.9596094953E-08    0.1781133570E-07
  9.63779528    0.1692580099E-08   -0.1239474761E-08    0.9456082229E-08    0.1761535430E-07
  9.73228346    0.1639437339E-08   -0.1286703258E-08    0.9319879666E-08    0.1742377563E-07
  9.82677165    0.1588616870E-08   -0.1331313023E-08    0.9187337293E-08    0.1723644673E-07
  9.92125984    0.1539988562E-08   -0.1373455575E-08    0.9058313267E-08    0.1705322322E-07
 10.01574803    0.1493431261E-08   -0.1413271937E-08    0.8932673165E-08    0.1687396814E-07
 10.11023622    0.1448832011E-08   -0.1450893604E-08    0.8810289380E-08    0.1669855117E-07
 10.20472441    0.1406085367E-08   -0.1486443340E-08    0.8691040613E-08    0.1652684799E-07
 10.29921260    0.1365092799E-08   -0.1520035882E-08    0.8574811440E-08    0.1635873985E-07
 10.39370079    0.1325762146E-08   -0.1551778559E-08    0.8461491928E-08    0.1619411318E-07
 10.48818898    0.1288007134E-08   -0.1581771849E-08    0.8350977300E-08    0.1603285929E-07
 10.58267717    0.1251746925E-08   -0.1610109894E-08    0.8243167622E-08    0.1587487403E-07
 10.67716535    0.1216905725E-08   -0.1636880958E-08    0.8137967532E-08    0.1572005754E-07
 10.77165354    0.1183412412E-08   -0.1662167872E-08    0.8035285968E-08    0.1556831383E-07
 10.86614173    0.1151200198E-08   -0.1686048450E-08    0.7935035888E-08    0.1541955020E-07
 10.96062992    0.1120206336E-08   -0.1708595784E-08    0.7837133970E-08    0.1527367675E-07
 11.05511811    0.1090371873E-08   -0.1729878388E-08    0.7741500550E-08    0.1513060704E-07
 11.14960630    0.1061641391E-08   -0.1749960562E-08    0.7648059592E-08    0.1499025857E-07
 11.24409449    0.1033962724E-08   -0.1768902785E-08    0.7556738483E-08    0.1485255247E-07
 11.33858268    0.1007286722E-08   -0.1786762037E-08    0.7467467811E-08    0.1471741316E-07
 11.43307087    0.9815670306E-09   -0.1803592057E-08    0.7380181153E-08    0.1458476807E-07
 11.52755906    0.9567599004E-09   -0.1819443562E-08    0.7294814907E-08    0.1445454749E-07
 11.62204724    0.9328240125E-09   -0.1834364445E-08    0.7211308126E-08    0.1432668434E-07
 11.71653543    0.9097203177E-09   -0.1848399964E-08    0.7129602376E-08    0.1420111407E-07
 11.81102362    0.8874118896E-09   -0.1861592904E-08    0.7049641605E-08    0.1407777454E-07
 11.90551181    0.8658637881E-09   -0.1873983732E-08    0.6971372019E-08    0.1395660585E-07
 12.00000000    0.8450429338E-09   -0.1885610745E-08    0.6894741970E-08    0.1383755029E-07
