  0.00000000   -0.1076086929E-08    0.0000000000E+00
  0.09448819   -0.1075870412E-08    0.6260872867E-10
  0.18897638   -0.1075188409E-08    0.1260263501E-09
  0.28346457   -0.1073941572E-08    0.1910865220E-09
  0.37795276   -0.1071957517E-08    0.2586738463E-09
  0.47244094   -0.1068979984E-08    0.3297530123E-09
  0.56692913   -0.1064652322E-08    0.4054027304E-09
  0.66141732   -0.1058493739E-08    0.4868567607E-09
  0.75590551   -0.1049865995E-08    0.5755550729E-09
  0.85039370   -0.1037927063E-08    0.6732092857E-09
  0.94488189   -0.1021566628E-08    0.7818882123E-09
  1.03937008   -0.9993157804E-09    0.9041318839E-09
  1.13385827   -0.9692193057E-09    0.1043106343E-08
  1.22834646   -0.9286527740E-09    0.1202817637E-08
  1.32283465   -0.8740565407E-09    0.1388413254E-08
  1.41732283   -0.8005419855E-09    0.1606615312E-08
  1.51181102   -0.7012966505E-09    0.1866356822E-08
  1.60629921   -0.5666644189E-09    0.2179739168E-08
  1.70078740   -0.3826847572E-09    0.2563512954E-08
  1.79527559   -0.1287003209E-09    0.3041441059E-08
  1.88976378    0.2267044830E-09    0.3648208614E-08
  1.98425197    0.7328966410E-09    0.4436173993E-08
  2.07874016    0.1470596835E-08    0.5487633140E-08
  2.17322835    0.2578444100E-08    0.6938522944E-08
  2.26771654    0.4309879470E-08    0.9027911535E-08
  2.36220472    0.7167704446E-08    0.1221212856E-07
  2.45669291    0.1226797160E-07    0.1746555654E-07
  2.55118110    0.2253188029E-07    0.2724011644E-07
  2.64566929    0.4797714256E-07    0.4960772087E-07
  2.74015748    0.1484597372E-06    0.1306825693E-06
  2.83464567    0.1276237149E-04    0.9200602329E-05
  2.92913386   -0.5696207768E-06   -0.3743255589E-06
  3.02362205   -0.3128849353E-06   -0.2101166888E-06
  3.11811024   -0.2069978979E-06   -0.1423923091E-06
  3.21259843   -0.1498489628E-06   -0.1055556466E-06
  3.30708661   -0.1146045927E-06   -0.8259830145E-07
  3.40157480   -0.9100774618E-07   -0.6704750645E-07
  3.49606299   -0.7429004493E-07   -0.5589496780E-07
  3.59055118   -0.6194256075E-07   -0.4755479835E-07
  3.68503937   -0.5252558194E-07   -0.4111402758E-07
  3.77952756   -0.4515771052E-07   -0.3601146530E-07
  3.87401575   -0.3927144793E-07   -0.3188411430E-07
  3.96850394   -0.3448629282E-07   -0.2848736804E-07
  4.06299213   -0.3053846969E-07   -0.2565075705E-07
  4.15748031   -0.2723993186E-07   -0.2325208070E-07
  4.25196850   -0.2445338581E-07   -0.2120161120E-07
  4.34645669   -0.2207650995E-07   -0.1943208640E-07
  4.44094488   -0.2003166595E-07   -0.1789216697E-07
  4.53543307   -0.1825900618E-07   -0.1654203962E-07
  4.62992126   -0.1671174647E-07   -0.1535039192E-07
  4.72440945   -0.1535285263E-07   -0.1429228588E-07
  4.81889764   -0.1415267747E-07   -0.1334763218E-07
  4.91338583   -0.1308724148E-07   -0.1250008555E-07
  5.00787402   -0.1213697911E-07   -0.1173622202E-07
  5.10236220   -0.1128576004E-07   -0.1104490044E-07
  5.19685039   -0.1052024548E-07   -0.1041688475E-07
  5.29133858   -0.9829253974E-08   -0.9844313212E-08
  5.38582677   -0.9203341489E-08   -0.9320548082E-08
  5.48031496   -0.8634651450E-08   -0.8840138077E-08
  5.57480315   -0.8116429417E-08   -0.8398163132E-08
  5.66929134   -0.7642712777E-08   -0.7990202689E-08
  5.76377953   -0.7208565190E-08   -0.7612940301E-08
  5.85826772   -0.6809947315E-08   -0.7263676329E-08
  5.95275591   -0.6443100620E-08   -0.6939340746E-08
  6.04724409   -0.6104426385E-08   -0.6636847655E-08
  6.14173228   -0.5790973412E-08   -0.6354241289E-08
  6.23622047   -0.5500600019E-08   -0.6090605625E-08
  6.33070866   -0.5231446214E-08   -0.5844771041E-08
  6.42519685   -0.4981473455E-08   -0.5614654094E-08
  6.51968504   -0.4748517413E-08   -0.5397844950E-08
  6.61417323   -0.4530768947E-08   -0.5192865857E-08
  6.70866142   -0.4327046952E-08   -0.4999446734E-08
  6.80314961   -0.4136512574E-08   -0.4817627748E-08
  6.89763780   -0.3958335538E-08   -0.4647036650E-08
  6.99212598   -0.3791521600E-08   -0.4486570153E-08
  7.08661417   -0.3634885368E-08   -0.4334561946E-08
  7.18110236   -0.3487322124E-08   -0.4189683675E-08
  7.27559055   -0.3348060496E-08   -0.4051419268E-08
  7.37007874   -0.3216579115E-08   -0.3919701940E-08
  7.46456693   -0.3092458761E-08   -0.3794570955E-08
  7.55905512   -0.2975314608E-08   -0.3676029838E-08
  7.65354331   -0.2864747946E-08   -0.3563870006E-08
  7.74803150   -0.2760260255E-08   -0.3457443327E-08
  7.84251969   -0.2661283563E-08   -0.3355913619E-08
  7.93700787   -0.2567333621E-08   -0.3258697398E-08
  8.03149606   -0.2478043186E-08   -0.3165470760E-08
  8.12598425   -0.2393119029E-08   -0.3076038141E-08
  8.22047244   -0.2312308781E-08   -0.2990264038E-08
  8.31496063   -0.2235386780E-08   -0.2908057569E-08
  8.40944882   -0.2162152714E-08   -0.2829377621E-08
  8.50393701   -0.2092424421E-08   -0.2754177552E-08
  8.59842520   -0.2025996625E-08   -0.2682257686E-08
  8.69291339   -0.1962636969E-08   -0.2613314948E-08
  8.78740157   -0.1902130753E-08   -0.2547092740E-08
  8.88188976   -0.1844293966E-08   -0.2483399332E-08
  8.97637795   -0.1788966737E-08   -0.2422083452E-08
  9.07086614   -0.1736006526E-08   -0.2363017577E-08
  9.16535433   -0.1685283712E-08   -0.2306089617E-08
  9.25984252   -0.1636678902E-08   -0.2251199655E-08
  9.35433071   -0.1590081542E-08   -0.2198261276E-08
  9.44881890   -0.1545390542E-08   -0.2147209437E-08
  9.54330709   -0.1502515482E-08   -0.2097999305E-08
  9.63779528   -0.1461367135E-08   -0.2050560653E-08
  9.73228346   -0.1421851522E-08   -0.2004790799E-08
  9.82677165   -0.1383878777E-08   -0.1960592049E-08
  9.92125984   -0.1347366774E-08   -0.1917880334E-08
 10.01574803   -0.1312240377E-08   -0.1876581825E-08
 10.11023622   -0.1278430286E-08   -0.1836629931E-08
 10.20472441   -0.1245872141E-08   -0.1797963508E-08
 10.29921260   -0.1214505874E-08   -0.1760525780E-08
 10.39370079   -0.1184275217E-08   -0.1724263665E-08
 10.48818898   -0.1155127308E-08   -0.1689127333E-08
 10.58267717   -0.1127012368E-08   -0.1655070015E-08
 10.67716535   -0.1099883455E-08   -0.1622048256E-08
 10.77165354   -0.1073696441E-08   -0.1590023600E-08
 10.86614173   -0.1048410554E-08   -0.1558965373E-08
 10.96062992   -0.1023987228E-08   -0.1528841974E-08
 11.05511811   -0.1000387572E-08   -0.1499612340E-08
 11.14960630   -0.9775740903E-09   -0.1471235960E-08
 11.24409449   -0.9555117758E-09   -0.1443676388E-08
 11.33858268   -0.9341679215E-09   -0.1416900342E-08
 11.43307087   -0.9135118199E-09   -0.1390876907E-08
 11.52755906   -0.8935145336E-09   -0.1365577073E-08
 11.62204724   -0.8741487218E-09   -0.1340973449E-08
 11.71653543   -0.8553885040E-09   -0.1317040084E-08
 11.81102362   -0.8372093465E-09   -0.1293752323E-08
 11.90551181   -0.8195879655E-09   -0.1271086707E-08
 12.00000000   -0.8025022424E-09   -0.1249020878E-08
